acc = 0.9550629158276803
eval_loss = 0.190771610090876
f1 = 0.9537773449371469
mcc = 0.954963469556315
prec = 0.9591454445398606
rec = 0.9550629158276803
