acc = 0.9025615918785382
eval_loss = 0.3221835853898422
f1 = 0.8991932756919674
mcc = 0.9023856965517139
prec = 0.9111281616604633
rec = 0.9025615918785382
