acc = 0.9016662769293496
eval_loss = 0.31576113286069396
f1 = 0.8970190523465851
mcc = 0.901458534226681
prec = 0.9031710687770783
rec = 0.9016662769293496
