acc = 0.9274952702650949
eval_loss = 0.2543687671491523
f1 = 0.9264894877954939
mcc = 0.9273099991538724
prec = 0.9358298105886618
rec = 0.9274952702650949
